0.8755
0.62011
0.99969
0.17272
0.3287
0.50304
0.1731
0.26672
0.22202
0.68841
0.3595
0.80106
0.56871
0.26903
0.70242
0.096628
0.59397
0.99407
0.39482
0.58078
0.93092
0.29688
0.84085
0.21637
0.88585
0.31565
0.857
0.81638
0.22967
0.97963
0.29104
0.78962
0.82025
0.52306
0.91994
0.14593
0.17903
0.8654
0.067714
0.74191
0.82582
0.16041
0.51413
0.38008
0.7852
0.32102
0.83318
0.21441
0.87046
0.92975
0.23155
0.097835
0.57103
0.059042
0.83695
0.91312
0.72003
0.28116
0.60977
0.94195
0.90073
0.62591
0.80276
0.84436
0.58213
0.05066
0.28871
0.46035
0.45912
0.88147
0.11426
0.37291
0.21821
0.28373
0.74143
0.32379
0.27547
0.18268
0.25969
0.82667
0.40932
0.68224
0.93902
0.45516
0.6249
0.97111
0.39642
0.68123
0.34902
0.89143
0.33077
0.3306
0.91173
0.51824
0.24678
0.074528
0.2117
0.33722
0.96337
0.79447
0.68959
0.84869
0.44981
0.71855
0.50722
0.82955
0.46552
0.86698
0.058452
0.99623
0.31144
0.081841
0.19449
0.50562
0.8944
0.31925
0.79492
0.21187
0.74473
0.28429
0.12775
0.86026
0.70222
0.96021
0.9858
0.55799
0.91068
0.50282
0.89519
0.072657
0.17229
0.75361
0.42147
0.42395
0.62176
0.072691
0.41829
0.10391
0.70509
0.54437
0.12228
0.43595
0.4587
0.67635
0.25747
0.12703
0.49429
0.74224
0.63328
0.90557
0.29014
0.25909
0.27401
0.81962
0.71729
0.88458
0.72546
0.67803
0.4676
0.58465
0.9908
0.95945
0.36998
0.19768
0.44623
0.57675
0.078265
0.87337
0.89969
0.52233
0.24882
0.73552
0.71473
0.48771
0.21206
0.80465
0.89407
0.18539
0.94269
0.050248
0.46686
0.060609
0.27279
0.72163
0.70946
0.30186
0.36024
0.13857
0.089519
0.77132
0.35863
0.54573
0.95429
0.68553
0.49947
0.6669
0.68235
0.26864
0.81465
0.52765
0.46233
0.72358
0.5775
0.29225
0.12144
0.60965
0.69053
0.60861
0.55702
0.49899
0.35762
0.45944
0.77665
0.99664
0.30177
0.80246
0.17788
0.083759
0.48125
0.58483
0.26934
0.18752
0.69324
0.38637
0.53495
0.70997
0.61553
0.53081
0.78758
0.70094
0.35352
0.84054
0.67778
0.60771
0.068125
0.8451
0.1583
0.8484
0.37062
0.45796
0.80409
0.18449
0.6277
0.9341
0.65462
0.095382
0.71343
0.29425
0.70636
0.39502
0.56479
0.26103
0.91021
0.40486
0.12488
0.079383
0.64556
0.94015
0.35394
0.75792
0.32448
0.16814
0.53838
0.41814
0.97968
0.32723
0.61273
0.59279
0.63506
0.58287
0.31587
0.19426
0.74636
0.087714
0.81154
0.4361
0.83851
0.97248
0.45136
0.10121
0.79768
0.64857
0.53338
0.5893
0.34373
0.75978
0.36983
0.88919
0.36697
0.80621
0.81454
0.097727
0.43238
0.96693
0.44366
0.364
0.65455
0.86512
0.79887
0.56149
