1.1096
0.57783
0.74143
0.52578
1.3465
0.51486
1.0504
0.61967
1.0879
1.1222
1.247
0.80993
1.4165
1.2823
0.60105
0.7811
1.4075
0.61109
1.2898
0.60228
1.2679
1.1621
1.2731
1.432
0.67688
0.52042
1.3336
0.97319
0.60865
0.58905
0.61513
0.66797
1.4725
0.786
1.099
1.3522
0.74478
1.2272
0.90079
0.8106
1.1538
0.89183
0.61934
1.4785
1.0183
1.0078
0.82502
0.69727
1.3629
0.76787
1.0387
1.0515
1.4633
0.76958
0.76572
0.80999
1.0573
0.87819
0.74577
1.1762
0.76129
1.4615
0.99758
0.92777
1.0678
1.113
1.307
1.3808
0.65998
0.58918
0.81313
1.1074
0.87874
1.4255
0.55701
1.494
1.167
1.1171
0.64789
0.529
1.0725
0.52998
1.2115
0.71404
0.75519
1.4586
0.68189
1.2985
0.54004
0.80916
1.4671
0.76699
0.62188
1.1074
1.1454
1.3744
1.3973
0.55318
1.2595
1.3589
0.98172
0.5751
0.59072
0.70022
1.2783
0.90728
1.327
0.64797
1.2329
0.64989
1.3384
1.0454
1.4612
0.5755
1.4338
0.85942
0.56693
1.4659
1.1495
0.92062
1.0964
0.84709
0.71763
0.53784
0.65343
0.87338
1.3768
0.94115
1.1378
0.88781
1.3372
1.2663
0.62558
0.59266
1.1603
0.87767
0.60779
1.1238
1.1216
1.4116
1.1061
0.98535
1.0767
1.4821
1.0186
0.8487
1.4829
1.492
1.3962
1.2416
1.1647
1.2334
0.93592
0.89963
0.71789
1.3816
1.4421
1.449
0.60644
0.55798
0.66372
1.0275
0.56975
0.51015
0.59168
1.1074
0.55609
1.1581
1.0758
0.57384
0.74157
0.8512
0.62674
1.2394
0.94568
0.51761
1.1817
1.3808
0.63982
1.3109
0.75286
0.52439
1.0307
1.4349
1.2693
0.90475
1.2178
0.98132
0.94118
1.4424
1.0788
1.2836
1.2148
0.64217
1.1929
0.89365
0.62777
1.1409
0.99751
0.56397
1.0235
0.81454
1.3549
0.50902
0.70259
1.3806
0.71805
0.81769
0.84396
1.3001
1.0711
1.3132
0.58618
0.69214
1.1295
0.56386
1.243
1.1034
1.2984
0.66059
1.2379
1.257
1.3813
0.92924
0.68748
0.80303
0.82076
0.94201
0.86188
1.1256
1.4388
0.7869
0.7446
1.4209
1.4262
0.80994
0.57648
1.2809
0.63075
0.96148
0.94017
1.105
0.62702
1.099
0.63213
0.61534
0.94107
0.7711
1.4441
1.0166
0.94529
0.80859
0.9696
1.2794
0.66881
0.52245
1.2087
1.1051
0.91368
1.4148
0.97718
1.4162
0.99691
1.4276
1.2037
1.1946
0.50459
1.0402
0.91297
1.1281
1.0435
0.716
1.0521
1.3627
0.50494
0.62508
1.2751
0.52039
0.64263
0.82041
1.4048
1.1142
0.5159
0.81139
0.69277
0.77547
0.52671
1.3306
1.2643
1.2212
1.3227
1.2645
0.62057
0.88433
0.52792
0.5013
0.507
0.66778
0.65044
1.0155
